[MAIN]
g_Switch=PS2
fHugeSectorNearDist=500.000000
fTransparentFarDist=70.000000
fTransparentFarDistInBoat=120.000000
[PC]
fEnvScale=0.250000
fWave2InvLength=0.030000
fWave2NormScale=0.500000
fWave2Ampl=0.100000
fRandomMoveDiv=8.000000
fRandomDamp=0.990000
fNormMult=2.000000
fNormMultB=1.000000
fNormalDirectionScalar1=2.000000
fNormalDirectionScalar2=1.000000
fSeaBedZ=25.000000
fFlatWaterBlendRange=0.050000
fStartBlendDistanceAdd=64.000000
fMinWaterAlphaMult=-30.000000
[PS2]
fEnvScale=0.500000
fWave2InvLength=0.030000
fWave2NormScale=0.500000
fWave2Ampl=0.100000
fRandomMoveDiv=8.000000
fRandomDamp=0.990000
fNormMult=2.000000
fNormMultB=1.000000
fNormalDirectionScalar1=2.000000
fNormalDirectionScalar2=1.000000
fSeaBedZ=25.000000
fFlatWaterBlendRange=0.050000
fStartBlendDistanceAdd=64.000000
fMinWaterAlphaMult=-30.000000
